0.690001
0.505418
0.591491
0.554785
0.378429
0.257732
0.207382
0.626262
0.340127
0.843852
0.068778
0.409907
0.879994
0.319480
0.980568
0.085005
0.907629
0.102509
0.921978
0.507551
0.872289
0.333260
0.692409
0.556946
0.361915
0.031994
0.858511
0.098984
0.877068
0.449259
0.432193
0.606268
0.927838
0.664286
0.395365
0.438469
0.652125
0.928864
0.949143
0.307336
0.596483
0.783076
0.338030
0.805253
0.942197
0.066473
0.857087
0.977218
0.889646
0.545276
0.864372
0.457773
0.800219
0.873706
0.821818
0.185726
0.086265
0.638156
0.233828
0.462722
0.007420
0.635011
0.421251
0.953658
0.210120
0.970751
0.261253
0.857064
0.581333
0.707318
0.285975
0.318204
0.643952
0.858518
0.668890
0.443150
0.055895
0.777453
0.594693
0.102082
0.299554
0.950719
0.665720
0.947724
0.879439
0.700866
0.375987
0.613482
0.863141
0.136171
0.439685
0.274572
0.186810
0.506164
0.570510
0.672828
0.623627
0.061298
0.550456
0.563954
